Ι,443 , ·

’ 344141.14141.1143744,54311143164. 969, 66. 36141145.7.

’ ’ 31447413441111431, Uno 1414111111 111 16661‘166666 40,1448.

· ··6666. ex 044141. 1112 4143314144 513 3311. 414444 1333-

311. 1414114 113 ,4144433143 diei potat, qni My».
⁴ 81. 11341121, 16. 411111131131, ΡΟ..·15 69696666

'¹ 51331141, 31 63 Lycia, 141 54136114. 98,24. 41311113

’ 615331. 180,11,Ρ1111331.18

102,17.’144 6131344114. 126, 86. Ag.or 131, 51.. 6144114.

“ 1444, 43. 443, 43. 14, 143, 3. 1414341444.. 443, ’

7.149,9. 4413135411 1144454341 13153114 159, 13.

· 18, 33433365114143 433331143444343 per 34 ex .

11114311. Nom. 11434444 41113141 Or. vffl, 1. ot N1c 151,
’ 19. legitur. 1133 aliter 1333143 0131344. 37, 66. 34. Pyrrh. ¹
¹ 44, 564· 11133311. 47,’ 5. 11451141. 5. 4. 31 0144313443
11111531. 109, 10, 31 Lyeurguo, 149,10. 160, 20. 158,

, 81. (156, 67.· 065. 4. 513 μείζονος 'praebet 34314443)31

414454133313331114341,Τ1414331.15,95.151091313134
115. 31, 51. 48, 151. ctesiph} 6,0 46. 64, 78454151
¹ codd. 3 141. 44544434 5133113441) 85, 2244 90, 257. ·114
1353 13111344 (Tim.- 5, 35) 3444433 legitur, ''quod 353
413144Ι 5313 1413 legi 53334 4153131,55414113333144414111
· 5113313 113 1131310131.140,93.331151334333,14444311143

6. 344444.431,1.434, ,

31415411. 41411414 414444 1503443344343 431143113533441433 7
· quam 4144734 3113114333 331331313111331.81301531141

11, 27, 17 1411143, 3301444431, 11. 91414111 ’
, · 126, 47.1313.135’.354, 41. 675, 100. Leptin. 459, 72¹ ,

· 480, 77. 1113. (41131331 Aristides οιιιὶ1411.)488, 103. 504
433. 43443, 344, 33 341, 34 343, 33. 131, 166(
1444444. 444, 434 ’4.,444 1, 344, 22. 344, 331 313,Ι
66. (4461 Σ. 51. omittit) 827, 44. 833, 62. ’4151116 ·’511
, 313, 44. 666. 4,(344. 4445, 444, 331, 44. 344, 607

Ζ6413114.886,17.887,18. 1431141. 914,“’.15·.’1443111
· 333, '61 ,44 3344444. 3433. 334, 26. 666, 66. 434
961, 69. 11111333. 981, 50. Nausim. 990, “’2.0 Phuenipp.²
1041810417. 1ο43,1541047,18.1048,30. Ma·-
4444 ’,43333νῖ (1616g.6’)26,'6661 4444, 33. 4443, 43.

¹. 6143151139, 1. 0311151237, 6. 0311161. 1266, 44· ·.6

1280, 66. ’5561 4144446 ν) ab Au'g. 1. 31 ·V. 31 641111.” 14
’ Ι3414341111) 118 35. prooem, 1420. in 3434116143 116415Ι
1144344135 14141, 4143744 343113 exhibetur ’611114 570,Ι
413, 66666. 4, 343, 611, 344, 43 3444, 41, 31313.

3511. 4443, 26. 4143141. 33445. 4441534753·

 

